crypto:12319.790039
raw_material:1780.05
stock_exchange:5336.390137
forex:1.06646
