crypto:14879.759766
raw_material:2235.15
stock_exchange:5514.290039
forex:1.08366
